function [RetornaPath] = RetornadorXY()
X = [50
51
52
53
54
55
56
57
58
59
60
61
62
63
64
65
66
67
68
69
70
71
72
73
74
75
76
77
79
80
80
80
80
80
80
80
80
80
85
87
93
95
97
100
103
104
105
106
107
108
109
110
111
112
113
114
115
116
117
118
119
120
121
122
123
124
125
126
127
128
129
130
131
132
133
134
135
136
137
138
139
140
141
142
143
144
145
146
147
148
149
150
151
152
153
154
155
156
157
158
159
160
161
162
163
164
165
166
167
168
169
170
171
172
173
174
175
176
177
178
179
180
181
182
183
184
185
186
187
188
189
190
191
192
193
194
195
196
197
198
199
200
201
202
203
204
205
206
207
208
209
210
211
212
213
214
215
216
217
218
219
220
221
222
223
224
225
226
227
228
229
230
231
232
233
234
235
236
237
238
239
240
241
242
243
244
245
246
247
248
249
250
251
252
253
254
255
258
260
260
260
260
260
260
260
260
260
260
260
260
260
260
260
260
260
260
260
260
260
265
270
270
270
270
270
270
270
270
275
280
290
295
320
340
365
400
420
440
460
475
485
491
495
499
503
507
511
515
519
523
525
527
529
531
533
535
537
539
541
543
545
547
558
568
578
580]

Y = [100
106
112
118
124
130
136
142
148
154
160
166
172
178
184
190
196
202
208
214
220
226
232
238
244
250
256
262
273
284
300
306
309
312
313
314
315
317
318
318
318
318
318
318
318
318
318
318
318
318
318
318
318
318
318
318
318
318
318
318
318
318
318
318
318
318
318
318
318
318
318
318
318
318
318
318
318
318
318
318
318
318
318
318
318
318
318
318
318
318
318
318
318
318
318
318
318
318
318
318
318
318
318
318
318
318
318
318
318
318
318
318
318
318
318
318
318
318
318
318
318
318
318
318
318
318
318
318
318
318
318
318
318
318
318
318
318
318
318
318
318
318
318
318
318
318
318
318
318
318
318
318
318
318
318
318
318
318
318
318
318
318
318
318
318
318
318
318
318
318
318
318
318
318
318
318
318
318
318
318
318
318
318
318
318
318
318
318
318
318
318
318
318
318
318
318
318
318
315
314
313
308
299
290
281
272
263
252
241
230
219
208
197
186
181
180
179
176
174
172
170
165
159
159
153
149
145
141
137
133
129
125
121
117
113
109
105
103
101
99
97
95
93
91
89
87
85
83
81
79
78
77
76
75
74
73
72
71
70
69
68
67
61
56
51
50]


RetornaPath = [X, Y];



end